Joseph Kardian
1500.00   1000.00  500.00  -1.0			4  	6 
Joe Karlton
3000.00  100.00  400.00  200.00   -3.0	  	4 	6 
Mike Hrady
6780.00  150.00  349.89  400.22   -8.0  	6 	10 
Albert Wilson
1200.00 200.00 5000.91  -3.0  			12	 15
Mohadi Mudaber
2340.00 200.00 500.00 -7.0  			4	 6
Joe Kei
1320.22  900.45  700.00  -2.0  			2 	 10
Ali Mosaker
15500.85 400.89 23.99 -6.0			 6	 10
Kim  Yoo
7890.9 230.99  340.92 120.67 -5.0			 10	 10
Mr Millionaire
-67.0
Kelly  Tai
3456.9	239.99  109.66  128.56  -2.0		 4	 5
Larry Brownsen
78650.0  23.98  123.77  78.99  -3.0		 6	 12